"id" "noj" "tstart" "tfin" "sex" "ti" "tb" "te" "pres" "edu" "tfp" "des" "cohorte" "lfx" "pnoj"
"1" 1 1 555 982 1 982 351 555 34 17 428 0 1 0 0
"2" 2 1 593 638 2 982 357 593 22 10 46 1 1 0 0
"3" 2 2 639 672 2 982 357 593 46 10 34 1 1 46 1
"4" 2 3 673 892 2 982 357 593 46 10 220 1 1 80 2
"5" 3 1 688 699 2 982 473 688 41 11 12 1 2 0 0
"6" 3 2 700 729 2 982 473 688 41 11 30 1 2 12 1
"7" 3 3 730 741 2 982 473 688 44 11 12 1 2 42 2
"8" 3 4 742 816 2 982 473 688 44 11 75 1 2 54 3
"9" 3 5 817 828 2 982 473 688 44 11 12 1 2 129 4
"10" 4 1 872 926 2 982 604 872 55 13 55 1 3 0 0
"11" 5 1 583 650 1 982 377 583 44 11 68 1 1 0 0
"12" 5 2 651 787 1 982 377 583 44 11 137 1 1 68 1
"13" 5 3 788 982 1 982 377 583 44 11 195 0 1 205 2
"14" 6 1 691 716 1 982 492 691 29 11 26 1 2 0 0
"15" 6 2 728 753 1 982 492 691 47 11 26 1 2 37 1
"16" 6 3 771 846 1 982 492 691 47 11 76 1 2 80 2
"17" 6 4 859 982 1 982 492 691 56 11 124 0 2 168 3
"18" 7 1 652 704 2 982 476 652 21 9 53 1 2 0 0
"19" 7 2 705 729 2 982 476 652 22 9 25 1 2 53 1
"20" 7 3 730 735 2 982 476 652 22 9 6 1 2 78 2
"21" 7 4 736 750 2 982 476 652 32 9 15 1 2 84 3
"22" 8 1 838 843 1 982 609 838 44 11 6 1 3 0 0
"23" 8 2 844 891 1 982 609 838 38 11 48 1 3 6 1
"24" 8 3 892 982 1 982 609 838 27 11 91 0 3 54 2
"25" 9 1 591 601 1 982 377 591 41 12 11 1 1 0 0
"26" 9 2 602 633 1 982 377 591 41 12 32 1 1 11 1
"27" 9 3 634 642 1 982 377 591 41 12 9 1 1 43 2
"28" 9 4 643 982 1 982 377 591 41 12 340 0 1 52 3
"29" 10 1 580 700 1 982 382 580 33 11 121 1 1 0 0
"30" 10 2 701 842 1 982 382 580 41 11 142 1 1 121 1
"31" 10 3 862 982 1 982 382 580 55 11 121 0 1 282 2
"32" 11 1 605 631 1 982 361 605 44 12 27 1 1 0 0
"33" 11 2 632 693 1 982 361 605 44 12 62 1 1 27 1
"34" 11 3 694 982 1 982 361 605 44 12 289 0 1 89 2
"35" 12 1 653 806 1 982 473 653 40 9 154 1 2 0 0
"36" 12 2 807 883 1 982 473 653 40 9 77 1 2 154 1
"37" 12 3 884 911 1 982 473 653 18 9 28 1 2 231 2
"38" 12 4 912 982 1 982 473 653 42 9 71 0 2 259 3
"39" 13 1 832 870 2 982 601 832 41 12 39 1 3 0 0
"40" 13 2 871 972 2 982 601 832 44 12 102 1 3 39 1
"41" 14 1 652 687 2 982 471 652 32 9 36 1 2 0 0
"42" 14 2 688 774 2 982 471 652 32 9 87 1 2 36 1
"43" 15 1 820 831 1 982 603 820 44 11 12 1 3 0 0
"44" 15 2 832 843 1 982 603 820 28 11 12 1 3 12 1
"45" 15 3 844 867 1 982 603 820 38 11 24 1 3 24 2
"46" 15 4 868 891 1 982 603 820 31 11 24 1 3 48 3
"47" 15 5 892 982 1 982 603 820 44 11 91 0 3 72 4
"48" 16 1 831 847 2 982 595 831 49 11 17 1 3 0 0
"49" 16 2 879 893 2 982 595 831 49 11 15 1 3 48 1
"50" 16 3 970 982 2 982 595 831 30 11 13 0 3 139 2
"51" 17 1 595 630 2 982 361 595 46 11 36 1 1 0 0
"52" 17 2 631 665 2 982 361 595 46 11 35 1 1 36 1
"53" 17 3 666 706 2 982 361 595 46 11 41 1 1 71 2
"54" 17 4 712 830 2 982 361 595 46 11 119 1 1 117 3
"55" 17 5 831 900 2 982 361 595 48 11 70 1 1 236 4
"56" 17 6 891 918 2 982 361 595 46 11 28 1 1 296 5
"57" 17 7 919 962 2 982 361 595 46 11 44 1 1 324 6
"58" 17 8 970 982 2 982 361 595 46 11 13 0 1 375 7
"59" 18 1 532 568 2 982 364 532 22 9 37 1 1 0 0
"60" 18 2 569 608 2 982 364 532 22 9 40 1 1 37 1
"61" 19 1 724 789 1 982 501 724 34 11 66 1 2 0 0
"62" 19 2 826 982 1 982 501 724 40 11 157 0 2 102 1
"63" 20 1 862 885 1 982 616 862 45 19 24 1 3 0 0
"64" 21 1 689 696 1 982 484 689 31 11 8 1 2 0 0
"65" 21 2 697 704 1 982 484 689 31 11 8 1 2 8 1
"66" 21 3 705 982 1 982 484 689 31 11 278 0 2 16 2
"67" 22 1 709 723 1 982 482 709 39 11 15 1 2 0 0
"68" 22 2 742 982 1 982 482 709 39 11 241 0 2 33 1
"69" 23 1 855 857 1 982 607 855 31 13 3 1 3 0 0
"70" 23 2 858 912 1 982 607 855 31 13 55 1 3 3 1
"71" 23 3 913 941 1 982 607 855 47 13 29 1 3 58 2
"72" 23 4 942 982 1 982 607 855 47 13 41 0 3 87 3
"73" 24 1 700 711 2 982 490 700 32 13 12 1 2 0 0
"74" 24 2 726 750 2 982 490 700 20 13 25 1 2 26 1
"75" 24 3 751 781 2 982 490 700 18 13 31 1 2 51 2
"76" 24 4 938 948 2 982 490 700 20 13 11 1 2 238 3
"77" 25 1 545 582 2 982 380 545 26 11 38 1 1 0 0
"78" 25 2 595 648 2 982 380 545 26 11 54 1 1 50 1
"79" 25 3 649 697 2 982 380 545 22 11 49 1 1 104 2
"80" 25 4 698 719 2 982 380 545 22 11 22 1 1 153 3
"81" 25 5 721 770 2 982 380 545 18 11 50 1 1 176 4
"82" 26 1 831 843 1 982 497 831 51 13 13 1 2 0 0
"83" 26 2 844 982 1 982 497 831 51 13 139 0 2 13 1
"84" 27 1 670 702 2 982 490 670 26 9 33 1 2 0 0
"85" 27 2 703 712 2 982 490 670 32 9 10 1 2 33 1
"86" 27 3 713 772 2 982 490 670 26 9 60 1 2 43 2
"87" 27 4 773 781 2 982 490 670 26 9 9 1 2 103 3
"88" 27 5 971 977 2 982 490 670 26 9 7 1 2 301 4
"89" 27 6 978 982 2 982 490 670 26 9 5 0 2 308 5
"90" 28 1 652 667 1 982 377 652 32 12 16 1 1 0 0
"91" 28 2 668 701 1 982 377 652 52 12 34 1 1 16 1
"92" 28 3 702 709 1 982 377 652 52 12 8 1 1 50 2
"93" 28 4 710 855 1 982 377 652 38 12 146 1 1 58 3
"94" 28 5 856 982 1 982 377 652 38 12 127 0 1 204 4
"95" 29 1 619 672 1 982 366 619 46 11 54 1 1 0 0
"96" 29 2 673 982 1 982 366 619 46 11 310 0 1 54 1
"97" 30 1 533 676 2 982 364 533 40 9 144 1 1 0 0
"98" 31 1 811 880 2 982 607 811 32 11 70 1 3 0 0
"99" 31 2 881 917 2 982 607 811 40 11 37 1 3 70 1
"100" 31 3 962 974 2 982 607 811 32 11 13 1 3 151 2
"101" 31 4 975 982 2 982 607 811 32 11 8 0 3 164 3
"102" 32 1 607 638 2 982 376 607 40 11 32 1 1 0 0
"103" 32 2 726 846 2 982 376 607 40 11 121 1 1 119 1
"104" 32 3 847 870 2 982 376 607 25 11 24 1 1 240 2
"105" 32 4 871 906 2 982 376 607 40 11 36 1 1 264 3
"106" 32 5 907 954 2 982 376 607 32 11 48 1 1 300 4
"107" 32 6 955 982 2 982 376 607 40 11 28 0 1 348 5
"108" 33 1 698 826 1 982 471 698 40 11 129 1 2 0 0
"109" 33 2 827 976 1 982 471 698 40 11 150 1 2 129 1
"110" 33 3 981 982 1 982 471 698 40 11 2 0 2 283 2
"111" 34 1 832 855 1 982 617 832 34 17 24 1 3 0 0
"112" 34 2 856 879 1 982 617 832 38 17 24 1 3 24 1
"113" 34 3 921 982 1 982 617 832 70 17 62 0 3 89 2
"114" 35 1 700 727 1 982 494 700 39 9 28 1 2 0 0
"115" 35 2 728 762 1 982 494 700 31 9 35 1 2 28 1
"116" 35 3 763 982 1 982 494 700 30 9 220 0 2 63 2
"117" 36 1 795 982 2 982 600 795 41 10 188 0 3 0 0
"118" 37 1 699 740 1 982 368 699 41 19 42 1 1 0 0
"119" 37 2 770 910 1 982 368 699 65 19 141 1 1 71 1
"120" 37 3 911 982 1 982 368 699 62 19 72 0 1 212 2
"121" 38 1 562 575 2 982 365 562 41 10 14 1 1 0 0
"122" 38 2 576 982 2 982 365 562 41 10 407 0 1 14 1
"123" 39 1 706 726 1 982 481 706 55 11 21 1 2 0 0
"124" 39 2 727 780 1 982 481 706 56 11 54 1 2 21 1
"125" 39 3 781 982 1 982 481 706 56 11 202 0 2 75 2
"126" 40 1 752 763 2 982 495 752 44 13 12 1 2 0 0
"127" 40 2 764 771 2 982 495 752 44 13 8 1 2 12 1
"128" 40 3 772 777 2 982 495 752 44 13 6 1 2 20 2
"129" 40 4 832 885 2 982 495 752 41 13 54 1 2 80 3
"130" 40 5 956 982 2 982 495 752 44 13 27 0 2 204 4
"131" 41 1 586 702 2 982 366 586 20 9 117 1 1 0 0
"132" 41 2 703 912 2 982 366 586 22 9 210 1 1 117 1
"133" 42 1 628 659 1 982 373 628 50 13 32 1 1 0 0
"134" 42 2 660 786 1 982 373 628 50 13 127 1 1 32 1
"135" 42 3 787 982 1 982 373 628 55 13 196 0 1 159 2
"136" 44 1 802 805 1 982 592 802 34 11 4 1 3 0 0
"137" 44 2 806 825 1 982 592 802 34 11 20 1 3 4 1
"138" 44 3 826 831 1 982 592 802 34 11 6 1 3 24 2
"139" 44 4 832 837 1 982 592 802 34 11 6 1 3 30 3
"140" 44 5 856 861 1 982 592 802 42 11 6 1 3 54 4
"141" 44 6 862 973 1 982 592 802 42 11 112 1 3 60 5
"142" 44 7 974 982 1 982 592 802 42 11 9 0 3 172 6
"143" 45 1 896 913 2 982 624 896 57 19 18 1 3 0 0
"144" 45 2 914 982 2 982 624 896 57 19 69 0 3 18 1
"145" 46 1 874 909 1 982 616 874 45 19 36 1 3 0 0
"146" 46 2 958 982 1 982 616 874 56 19 25 0 3 84 1
"147" 47 1 588 657 1 982 356 588 39 12 70 1 1 0 0
"148" 47 2 682 857 1 982 356 588 55 12 176 1 1 94 1
"149" 47 3 858 916 1 982 356 588 55 12 59 1 1 270 2
"150" 47 4 917 982 1 982 356 588 55 12 66 0 1 329 3
"151" 48 1 796 818 2 982 591 796 32 11 23 1 3 0 0
"152" 49 1 975 982 1 982 597 975 64 19 8 0 3 0 0
"153" 51 1 695 982 1 982 478 695 34 11 288 0 2 0 0
"154" 52 1 568 595 2 982 356 568 32 11 28 1 1 0 0
"155" 53 1 520 531 2 982 354 520 20 9 12 1 1 0 0
"156" 53 2 557 604 2 982 354 520 32 9 48 1 1 37 1
"157" 54 1 712 758 2 982 477 712 32 11 47 1 2 0 0
"158" 55 1 820 852 2 982 609 820 32 11 33 1 3 0 0
"159" 55 2 853 865 2 982 609 820 32 11 13 1 3 33 1
"160" 55 3 866 982 2 982 609 820 41 11 117 0 3 46 2
"161" 56 1 712 751 1 982 502 712 41 11 40 1 2 0 0
"162" 56 2 752 893 1 982 502 712 41 11 142 1 2 40 1
"163" 56 3 894 943 1 982 502 712 53 11 50 1 2 182 2
"164" 56 4 944 982 1 982 502 712 53 11 39 0 2 232 3
"165" 57 1 801 839 2 982 595 801 41 10 39 1 3 0 0
"166" 57 2 841 886 2 982 595 801 41 10 46 1 3 40 1
"167" 58 1 700 724 1 982 496 700 31 11 25 1 2 0 0
"168" 58 2 725 740 1 982 496 700 31 11 16 1 2 25 1
"169" 58 3 760 820 1 982 496 700 31 11 61 1 2 60 2
"170" 58 4 821 941 1 982 496 700 57 11 121 1 2 121 3
"171" 58 5 942 951 1 982 496 700 57 11 10 1 2 242 4
"172" 58 6 952 982 1 982 496 700 57 11 31 0 2 252 5
"173" 59 1 808 861 1 982 604 808 31 11 54 1 3 0 0
"174" 59 2 868 972 1 982 604 808 31 11 105 1 3 60 1
"175" 59 3 973 982 1 982 604 808 31 11 10 0 3 165 2
"176" 60 1 764 804 2 982 496 764 46 12 41 1 2 0 0
"177" 61 1 547 606 2 982 376 547 22 9 60 1 1 0 0
"178" 61 2 799 870 2 982 376 547 32 9 72 1 1 252 1
"179" 61 3 871 982 2 982 376 547 21 9 112 0 1 324 2
"180" 62 1 616 982 1 982 371 616 25 11 367 0 1 0 0
"181" 63 1 665 680 2 982 487 665 20 11 16 1 2 0 0
"182" 63 2 718 825 2 982 487 665 41 11 108 1 2 53 1
"183" 64 1 874 982 1 982 610 874 46 12 109 0 3 0 0
"184" 65 1 550 636 2 982 380 550 32 9 87 1 1 0 0
"185" 65 2 783 982 2 982 380 550 29 9 200 0 1 233 1
"186" 67 1 662 704 2 982 480 662 41 11 43 1 2 0 0
"187" 67 2 848 871 2 982 480 662 20 11 24 1 2 186 1
"188" 67 3 872 909 2 982 480 662 41 11 38 1 2 210 2
"189" 67 4 910 945 2 982 480 662 37 11 36 1 2 248 3
"190" 67 5 946 962 2 982 480 662 40 11 17 1 2 284 4
"191" 68 1 797 863 2 982 617 797 26 9 67 1 3 0 0
"192" 69 1 640 692 2 982 370 640 26 9 53 1 1 0 0
"193" 70 1 822 972 1 982 606 822 34 9 151 1 3 0 0
"194" 70 2 973 982 1 982 606 822 20 9 10 0 3 151 1
"195" 71 1 777 961 2 982 608 777 31 9 185 1 3 0 0
"196" 72 1 835 853 2 982 623 835 32 11 19 1 3 0 0
"197" 72 2 854 883 2 982 623 835 32 11 30 1 3 19 1
"198" 73 1 542 867 1 982 353 542 31 11 326 1 1 0 0
"199" 73 2 893 936 1 982 353 542 46 11 44 1 1 351 1
"200" 73 3 937 944 1 982 353 542 46 11 8 1 1 395 2
"201" 73 4 945 982 1 982 353 542 65 11 38 0 1 403 3
"202" 74 1 727 741 1 982 497 727 41 11 15 1 2 0 0
"203" 74 2 759 982 1 982 497 727 41 11 224 0 2 32 1
"204" 75 1 548 859 1 982 378 548 40 9 312 1 1 0 0
"205" 75 2 860 982 1 982 378 548 32 9 123 0 1 312 1
"206" 76 1 838 843 1 982 618 838 30 11 6 1 3 0 0
"207" 76 2 869 912 1 982 618 838 30 11 44 1 3 31 1
"208" 76 3 916 982 1 982 618 838 30 11 67 0 3 78 2
"209" 77 1 608 663 1 982 361 608 41 12 56 1 1 0 0
"210" 77 2 664 771 1 982 361 608 41 12 108 1 1 56 1
"211" 77 3 772 879 1 982 361 608 41 12 108 1 1 164 2
"212" 77 4 880 982 1 982 361 608 41 12 103 0 1 272 3
"213" 78 1 802 813 1 982 597 802 30 11 12 1 3 0 0
"214" 78 2 814 825 1 982 597 802 31 11 12 1 3 12 1
"215" 78 3 826 876 1 982 597 802 30 11 51 1 3 24 2
"216" 78 4 877 915 1 982 597 802 42 11 39 1 3 75 3
"217" 78 5 916 959 1 982 597 802 42 11 44 1 3 114 4
"218" 78 6 971 982 1 982 597 802 48 11 12 0 3 169 5
"219" 79 1 897 910 1 982 622 897 52 17 14 1 3 0 0
"220" 79 2 973 982 1 982 622 897 52 17 10 0 3 76 1
"221" 80 1 808 888 2 982 601 808 40 11 81 1 3 0 0
"222" 81 1 543 554 1 982 366 543 20 11 12 1 1 0 0
"223" 81 2 555 583 1 982 366 543 47 11 29 1 1 12 1
"224" 81 3 604 606 1 982 366 543 47 11 3 1 1 61 2
"225" 81 4 607 623 1 982 366 543 40 11 17 1 1 64 3
"226" 81 5 626 642 1 982 366 543 29 11 17 1 1 83 4
"227" 81 6 643 711 1 982 366 543 47 11 69 1 1 100 5
"228" 81 7 712 807 1 982 366 543 37 11 96 1 1 169 6
"229" 81 8 811 982 1 982 366 543 50 11 172 0 1 268 7
"230" 82 1 896 914 2 982 618 896 57 19 19 1 3 0 0
"231" 82 2 915 982 2 982 618 896 57 19 68 0 3 19 1
"232" 83 1 616 775 2 982 378 616 32 12 160 1 1 0 0
"233" 83 2 776 982 2 982 378 616 41 12 207 0 1 160 1
"234" 84 1 634 639 1 982 356 634 42 17 6 1 1 0 0
"235" 84 2 640 662 1 982 356 634 30 17 23 1 1 6 1
"236" 84 3 663 681 1 982 356 634 46 17 19 1 1 29 2
"237" 84 4 711 982 1 982 356 634 66 17 272 0 1 77 3
"238" 85 1 820 939 2 982 618 820 29 11 120 1 3 0 0
"239" 86 1 821 928 2 982 603 821 34 11 108 1 3 0 0
"240" 87 1 786 846 1 982 593 786 20 9 61 1 3 0 0
"241" 87 2 847 906 1 982 593 786 34 9 60 1 3 61 1
"242" 87 3 915 918 1 982 593 786 18 9 4 1 3 129 2
"243" 87 4 919 982 1 982 593 786 34 9 64 0 3 133 3
"244" 88 1 595 982 1 982 366 595 41 12 388 0 1 0 0
"245" 89 1 605 654 2 982 382 605 22 10 50 1 1 0 0
"246" 90 1 545 837 2 982 370 545 48 9 293 1 1 0 0
"247" 90 2 838 982 2 982 370 545 42 9 145 0 1 293 1
"248" 92 1 563 590 1 982 373 563 25 12 28 1 1 0 0
"249" 92 2 591 618 1 982 373 563 32 12 28 1 1 28 1
"250" 92 3 671 982 1 982 373 563 40 12 312 0 1 108 2
"251" 93 1 628 689 2 982 372 628 44 13 62 1 1 0 0
"252" 93 2 781 903 2 982 372 628 44 13 123 1 1 153 1
"253" 94 1 851 982 1 982 599 851 55 13 132 0 3 0 0
"254" 95 1 844 855 1 982 589 844 53 12 12 1 3 0 0
"255" 95 2 856 936 1 982 589 844 51 12 81 1 3 12 1
"256" 95 3 937 974 1 982 589 844 51 12 38 1 3 93 2
"257" 95 4 975 982 1 982 589 844 51 12 8 0 3 131 3
"258" 96 1 688 747 2 982 470 688 48 10 60 1 2 0 0
"259" 96 2 772 781 2 982 470 688 30 10 10 1 2 84 1
"260" 96 3 827 982 2 982 470 688 48 10 156 0 2 139 2
"261" 97 1 676 775 2 982 497 676 22 9 100 1 2 0 0
"262" 97 2 845 892 2 982 497 676 22 9 48 1 2 169 1
"263" 97 3 896 982 2 982 497 676 22 9 87 0 2 220 2
"264" 98 1 688 768 2 982 469 688 41 11 81 1 2 0 0
"265" 98 2 834 853 2 982 469 688 41 11 20 1 2 146 1
"266" 98 3 865 883 2 982 469 688 41 11 19 1 2 177 2
"267" 99 1 705 717 1 982 485 705 42 11 13 1 2 0 0
"268" 99 2 718 734 1 982 485 705 30 11 17 1 2 13 1
"269" 99 3 735 775 1 982 485 705 42 11 41 1 2 30 2
"270" 99 4 776 843 1 982 485 705 42 11 68 1 2 71 3
"271" 99 5 844 855 1 982 485 705 42 11 12 1 2 139 4
"272" 99 6 856 982 1 982 485 705 42 11 127 0 2 151 5
"273" 100 1 556 578 1 982 351 556 24 11 23 1 1 0 0
"274" 100 2 579 582 1 982 351 556 31 11 4 1 1 23 1
"275" 100 3 583 586 1 982 351 556 32 11 4 1 1 27 2
"276" 100 4 588 594 1 982 351 556 31 11 7 1 1 32 3
"277" 100 5 595 601 1 982 351 556 18 11 7 1 1 39 4
"278" 100 6 602 687 1 982 351 556 31 11 86 1 1 46 5
"279" 100 7 688 982 1 982 351 556 48 11 295 0 1 132 6
"280" 101 1 628 687 1 982 382 628 40 11 60 1 1 0 0
"281" 101 2 694 803 1 982 382 628 37 11 110 1 1 66 1
"282" 101 3 804 924 1 982 382 628 37 11 121 1 1 176 2
"283" 101 4 925 982 1 982 382 628 37 11 58 0 1 297 3
"284" 102 1 687 864 2 982 491 687 40 9 178 1 2 0 0
"285" 102 2 956 982 2 982 491 687 30 9 27 0 2 269 1
"286" 103 1 554 588 1 982 365 554 20 9 35 1 1 0 0
"287" 103 2 590 601 1 982 365 554 28 9 12 1 1 36 1
"288" 103 3 602 699 1 982 365 554 20 9 98 1 1 48 2
"289" 103 4 700 982 1 982 365 554 27 9 283 0 1 146 3
"290" 104 1 574 590 1 982 360 574 44 11 17 1 1 0 0
"291" 104 2 607 630 1 982 360 574 39 11 24 1 1 33 1
"292" 104 3 631 662 1 982 360 574 44 11 32 1 1 57 2
"293" 104 4 674 693 1 982 360 574 44 11 20 1 1 100 3
"294" 104 5 694 706 1 982 360 574 44 11 13 1 1 120 4
"295" 104 6 707 723 1 982 360 574 44 11 17 1 1 133 5
"296" 104 7 724 982 1 982 360 574 44 11 259 0 1 150 6
"297" 105 1 567 644 1 982 372 567 18 11 78 1 1 0 0
"298" 105 2 658 872 1 982 372 567 46 11 215 1 1 91 1
"299" 105 3 873 982 1 982 372 567 39 11 110 0 1 306 2
"300" 106 1 832 836 2 982 614 832 32 9 5 1 3 0 0
"301" 106 2 837 843 2 982 614 832 32 9 7 1 3 5 1
"302" 107 1 934 940 1 982 611 934 41 13 7 1 3 0 0
"303" 108 1 735 832 1 982 482 735 44 12 98 1 2 0 0
"304" 108 2 833 858 1 982 482 735 41 12 26 1 2 98 1
"305" 108 3 859 871 1 982 482 735 41 12 13 1 2 124 2
"306" 108 4 872 891 1 982 482 735 34 12 20 1 2 137 3
"307" 108 5 892 922 1 982 482 735 34 12 31 1 2 157 4
"308" 108 6 923 944 1 982 482 735 50 12 22 1 2 188 5
"309" 108 7 945 982 1 982 482 735 41 12 38 0 2 210 6
"310" 109 1 575 588 1 982 355 575 31 10 14 1 1 0 0
"311" 109 2 589 626 1 982 355 575 34 10 38 1 1 14 1
"312" 109 3 627 958 1 982 355 575 34 10 332 1 1 52 2
"313" 110 1 664 667 1 982 504 664 30 11 4 1 2 0 0
"314" 110 2 668 671 1 982 504 664 20 11 4 1 2 4 1
"315" 110 3 672 673 1 982 504 664 31 11 2 1 2 8 2
"316" 110 4 673 681 1 982 504 664 40 11 9 1 2 9 3
"317" 110 5 725 745 1 982 504 664 30 11 21 1 2 61 4
"318" 110 6 761 822 1 982 504 664 30 11 62 1 2 97 5
"319" 110 7 823 876 1 982 504 664 46 11 54 1 2 159 6
"320" 110 8 877 948 1 982 504 664 46 11 72 1 2 213 7
"321" 110 9 949 982 1 982 504 664 46 11 34 0 2 285 8
"322" 111 1 705 833 2 982 479 705 41 10 129 1 2 0 0
"323" 112 1 538 558 2 982 367 538 20 9 21 1 1 0 0
"324" 112 2 571 630 2 982 367 538 22 9 60 1 1 33 1
"325" 112 3 631 690 2 982 367 538 20 9 60 1 1 93 2
"326" 112 4 691 726 2 982 367 538 22 9 36 1 1 153 3
"327" 112 5 727 750 2 982 367 538 20 9 24 1 1 189 4
"328" 112 6 751 774 2 982 367 538 22 9 24 1 1 213 5
"329" 113 1 787 882 1 982 611 787 32 9 96 1 3 0 0
"330" 113 2 877 982 1 982 611 787 31 9 106 0 3 90 1
"331" 114 1 823 918 1 982 600 823 42 11 96 1 3 0 0
"332" 114 2 924 982 1 982 600 823 41 11 59 0 3 101 1
"333" 115 1 913 982 2 982 624 913 57 13 70 0 3 0 0
"334" 116 1 579 762 1 982 384 579 40 11 184 1 1 0 0
"335" 116 2 763 982 1 982 384 579 40 11 220 0 1 184 1
"336" 117 1 820 837 1 982 603 820 21 11 18 1 3 0 0
"337" 117 2 838 982 1 982 603 820 39 11 145 0 3 18 1
"338" 118 1 844 855 1 982 616 844 34 11 12 1 3 0 0
"339" 118 2 874 932 1 982 616 844 34 11 59 1 3 30 1
"340" 118 3 933 982 1 982 616 844 31 11 50 0 3 89 2
"341" 119 1 520 556 1 982 349 520 20 9 37 1 1 0 0
"342" 119 2 557 653 1 982 349 520 20 9 97 1 1 37 1
"343" 119 3 654 982 1 982 349 520 34 9 329 0 1 134 2
"344" 120 1 604 741 1 982 380 604 32 19 138 1 1 0 0
"345" 120 2 783 836 1 982 380 604 57 19 54 1 1 179 1
"346" 120 3 837 982 1 982 380 604 57 19 146 0 1 233 2
"347" 121 1 561 835 1 982 383 561 32 9 275 1 1 0 0
"348" 121 2 836 909 1 982 383 561 20 9 74 1 1 275 1
"349" 121 3 910 982 1 982 383 561 32 9 73 0 1 349 2
"350" 122 1 837 860 1 982 623 837 42 11 24 1 3 0 0
"351" 122 2 877 982 1 982 623 837 42 11 106 0 3 40 1
"352" 123 1 826 857 1 982 613 826 44 11 32 1 3 0 0
"353" 123 2 877 886 1 982 613 826 44 11 10 1 3 51 1
"354" 123 3 887 934 1 982 613 826 42 11 48 1 3 61 2
"355" 123 4 935 982 1 982 613 826 42 11 48 0 3 109 3
"356" 124 1 544 567 1 982 372 544 20 11 24 1 1 0 0
"357" 124 2 604 812 1 982 372 544 34 11 209 1 1 60 1
"358" 124 3 813 982 1 982 372 544 34 11 170 0 1 269 2
"359" 125 1 518 654 1 982 357 518 40 9 137 1 1 0 0
"360" 125 2 655 746 1 982 357 518 40 9 92 1 1 137 1
"361" 125 3 747 916 1 982 357 518 31 9 170 1 1 229 2
"362" 125 4 917 982 1 982 357 518 56 9 66 0 1 399 3
"363" 126 1 850 960 2 982 622 850 34 11 111 1 3 0 0
"364" 127 1 839 849 1 982 613 839 42 11 11 1 3 0 0
"365" 127 2 869 872 1 982 613 839 42 11 4 1 3 30 1
"366" 127 3 873 879 1 982 613 839 42 11 7 1 3 34 2
"367" 127 4 880 904 1 982 613 839 42 11 25 1 3 41 3
"368" 127 5 905 982 1 982 613 839 42 11 78 0 3 66 4
"369" 128 1 721 752 2 982 493 721 49 11 32 1 2 0 0
"370" 129 1 592 609 2 982 366 592 31 11 18 1 1 0 0
"371" 129 2 909 982 2 982 366 592 31 11 74 0 1 317 1
"372" 130 1 586 982 1 982 383 586 42 11 397 0 1 0 0
"373" 131 1 720 743 2 982 474 720 31 11 24 1 2 0 0
"374" 131 2 939 982 2 982 474 720 30 11 44 0 2 219 1
"375" 132 1 569 982 1 982 377 569 32 9 414 0 1 0 0
"376" 133 1 556 642 2 982 366 556 48 9 87 1 1 0 0
"377" 133 2 654 691 2 982 366 556 30 9 38 1 1 98 1
"378" 133 3 700 735 2 982 366 556 28 9 36 1 1 144 2
"379" 133 4 736 747 2 982 366 556 30 9 12 1 1 180 3
"380" 134 1 592 616 2 982 376 592 41 9 25 1 1 0 0
"381" 135 1 826 833 1 982 601 826 44 11 8 1 3 0 0
"382" 135 2 834 840 1 982 601 826 44 11 7 1 3 8 1
"383" 135 3 841 864 1 982 601 826 38 11 24 1 3 15 2
"384" 135 4 865 891 1 982 601 826 44 11 27 1 3 39 3
"385" 135 5 892 910 1 982 601 826 44 11 19 1 3 66 4
"386" 135 6 915 969 1 982 601 826 32 11 55 1 3 89 5
"387" 135 7 970 982 1 982 601 826 40 11 13 0 3 144 6
"388" 136 1 712 736 2 982 471 712 34 12 25 1 2 0 0
"389" 136 2 737 771 2 982 471 712 44 12 35 1 2 25 1
"390" 137 1 634 699 1 982 360 634 35 12 66 1 1 0 0
"391" 137 2 700 771 1 982 360 634 44 12 72 1 1 66 1
"392" 137 3 784 982 1 982 360 634 44 12 199 0 1 150 2
"393" 138 1 627 669 2 982 377 627 55 12 43 1 1 0 0
"394" 139 1 798 924 2 982 602 798 22 11 127 1 3 0 0
"395" 139 2 931 942 2 982 602 798 22 11 12 1 3 133 1
"396" 139 3 960 982 2 982 602 798 40 11 23 0 3 162 2
"397" 140 1 832 855 1 982 622 832 32 11 24 1 3 0 0
"398" 140 2 856 886 1 982 622 832 39 11 31 1 3 24 1
"399" 140 3 887 940 1 982 622 832 42 11 54 1 3 55 2
"400" 140 4 939 952 1 982 622 832 31 11 14 1 3 107 3
"401" 140 5 953 982 1 982 622 832 44 11 30 0 3 121 4
"402" 141 1 712 737 2 982 500 712 49 11 26 1 2 0 0
"403" 141 2 751 805 2 982 500 712 55 11 55 1 2 39 1
"404" 142 1 718 744 1 982 492 718 38 12 27 1 2 0 0
"405" 142 2 757 801 1 982 492 718 55 12 45 1 2 39 1
"406" 142 3 802 881 1 982 492 718 55 12 80 1 2 84 2
"407" 142 4 882 982 1 982 492 718 55 12 101 0 2 164 3
"408" 143 1 712 729 2 982 501 712 34 11 18 1 2 0 0
"409" 143 2 730 982 2 982 501 712 53 11 253 0 2 18 1
"410" 144 1 814 833 1 982 593 814 30 11 20 1 3 0 0
"411" 144 2 837 982 1 982 593 814 30 11 146 0 3 23 1
"412" 145 1 808 879 1 982 597 808 55 19 72 1 3 0 0
"413" 145 2 980 982 1 982 597 808 68 19 3 0 3 172 1
"414" 146 1 808 819 1 982 604 808 44 11 12 1 3 0 0
"415" 146 2 841 870 1 982 604 808 44 11 30 1 3 33 1
"416" 146 3 883 926 1 982 604 808 55 11 44 1 3 75 2
"417" 146 4 927 982 1 982 604 808 55 11 56 0 3 119 3
"418" 147 1 580 639 2 982 379 580 28 11 60 1 1 0 0
"419" 147 2 640 702 2 982 379 580 49 11 63 1 1 60 1
"420" 147 3 703 736 2 982 379 580 21 11 34 1 1 123 2
"421" 149 1 688 850 1 982 490 688 40 11 163 1 2 0 0
"422" 149 2 851 920 1 982 490 688 40 11 70 1 2 163 1
"423" 149 3 921 943 1 982 490 688 55 11 23 1 2 233 2
"424" 149 4 944 982 1 982 490 688 60 11 39 0 2 256 3
"425" 150 1 809 843 1 982 601 809 42 11 35 1 3 0 0
"426" 150 2 859 878 1 982 601 809 42 11 20 1 3 50 1
"427" 150 3 879 936 1 982 601 809 31 11 58 1 3 70 2
"428" 150 4 936 982 1 982 601 809 30 11 47 0 3 127 3
"429" 151 1 821 982 1 982 614 821 42 11 162 0 3 0 0
"430" 152 1 533 726 1 982 366 533 40 9 194 1 1 0 0
"431" 152 2 727 982 1 982 366 533 40 9 256 0 1 194 1
"432" 153 1 849 854 2 982 602 849 41 13 6 1 3 0 0
"433" 153 2 855 937 2 982 602 849 41 13 83 1 3 6 1
"434" 155 1 813 865 1 982 596 813 38 11 53 1 3 0 0
"435" 155 2 878 982 1 982 596 813 46 11 105 0 3 65 1
"436" 156 1 580 633 2 982 376 580 32 11 54 1 1 0 0
"437" 156 2 634 671 2 982 376 580 32 11 38 1 1 54 1
"438" 157 1 837 887 1 982 598 837 34 12 51 1 3 0 0
"439" 157 2 925 982 1 982 598 837 34 12 58 0 3 88 1
"440" 158 1 613 640 2 982 381 613 22 9 28 1 1 0 0
"441" 159 1 580 697 2 982 376 580 22 11 118 1 1 0 0
"442" 160 1 717 728 2 982 499 717 49 11 12 1 2 0 0
"443" 160 2 729 759 2 982 499 717 49 11 31 1 2 12 1
"444" 160 3 790 819 2 982 499 717 49 11 30 1 2 73 2
"445" 160 4 853 907 2 982 499 717 49 11 55 1 2 136 3
"446" 160 5 908 982 2 982 499 717 49 11 75 0 2 191 4
"447" 161 1 625 633 2 982 349 625 22 19 9 1 1 0 0
"448" 161 2 732 736 2 982 349 625 34 19 5 1 1 107 1
"449" 162 1 700 711 2 982 497 700 22 11 12 1 2 0 0
"450" 162 2 712 725 2 982 497 700 22 11 14 1 2 12 1
"451" 162 3 726 738 2 982 497 700 22 11 13 1 2 26 2
"452" 163 1 640 667 2 982 362 640 57 9 28 1 1 0 0
"453" 163 2 668 691 2 982 362 640 57 9 24 1 1 28 1
"454" 163 3 692 982 2 982 362 640 57 9 291 0 1 52 2
"455" 164 1 557 678 1 982 380 557 40 9 122 1 1 0 0
"456" 164 2 679 982 1 982 380 557 40 9 304 0 1 122 1
"457" 165 1 680 704 2 982 482 680 32 9 25 1 2 0 0
"458" 165 2 786 982 2 982 482 680 30 9 197 0 2 106 1
"459" 166 1 809 822 2 982 603 809 32 11 14 1 3 0 0
"460" 166 2 823 858 2 982 603 809 20 11 36 1 3 14 1
"461" 167 1 532 541 2 982 361 532 22 9 10 1 1 0 0
"462" 167 2 542 552 2 982 361 532 20 9 11 1 1 10 1
"463" 167 3 553 584 2 982 361 532 20 9 32 1 1 21 2
"464" 168 1 820 916 2 983 611 820 41 11 97 1 3 0 0
"465" 168 2 958 982 2 983 611 820 45 11 25 1 3 138 1
"466" 169 1 820 942 2 982 621 820 34 9 123 1 3 0 0
"467" 169 2 943 960 2 982 621 820 34 9 18 1 3 123 1
"468" 169 3 961 982 2 982 621 820 34 9 22 0 3 141 2
"469" 170 1 552 555 2 982 369 552 22 9 4 1 1 0 0
"470" 170 2 579 597 2 982 369 552 26 9 19 1 1 27 1
"471" 170 3 598 628 2 982 369 552 26 9 31 1 1 46 2
"472" 170 4 629 654 2 982 369 552 26 9 26 1 1 77 3
"473" 170 5 655 982 2 982 369 552 32 9 328 0 1 103 4
"474" 171 1 652 676 1 982 482 652 32 9 25 1 2 0 0
"475" 171 2 677 698 1 982 482 652 32 9 22 1 2 25 1
"476" 171 3 699 771 1 982 482 652 31 9 73 1 2 47 2
"477" 171 4 772 810 1 982 482 652 31 9 39 1 2 120 3
"478" 171 5 811 830 1 982 482 652 31 9 20 1 2 159 4
"479" 171 6 831 840 1 982 482 652 31 9 10 1 2 179 5
"480" 171 7 841 982 1 982 482 652 31 9 142 0 2 189 6
"481" 172 1 820 846 1 982 612 820 41 11 27 1 3 0 0
"482" 172 2 865 939 1 982 612 820 41 11 75 1 3 45 1
"483" 172 3 940 946 1 982 612 820 41 11 7 1 3 120 2
"484" 172 4 947 982 1 982 612 820 41 11 36 0 3 127 3
"485" 173 1 654 663 1 982 471 654 22 11 10 1 2 0 0
"486" 173 2 707 720 1 982 471 654 42 11 14 1 2 53 1
"487" 173 3 736 868 1 982 471 654 42 11 133 1 2 82 2
"488" 173 4 900 924 1 982 471 654 34 11 25 1 2 246 3
"489" 173 5 925 948 1 982 471 654 34 11 24 1 2 271 4
"490" 173 6 949 982 1 982 471 654 34 11 34 0 2 295 5
"491" 174 1 533 544 2 982 364 533 22 9 12 1 1 0 0
"492" 174 2 558 571 2 982 364 533 18 9 14 1 1 25 1
"493" 174 3 593 618 2 982 364 533 34 9 26 1 1 60 2
"494" 174 4 619 689 2 982 364 533 34 9 71 1 1 86 3
"495" 175 1 822 861 1 983 617 822 41 11 40 1 3 0 0
"496" 175 2 862 980 1 983 617 822 46 11 119 1 3 40 1
"497" 175 3 981 983 1 983 617 822 48 11 3 0 3 159 2
"498" 176 1 551 564 2 982 384 551 32 9 14 1 1 0 0
"499" 176 2 565 573 2 982 384 551 32 9 9 1 1 14 1
"500" 176 3 574 600 2 982 384 551 32 9 27 1 1 23 2
"501" 176 4 601 626 2 982 384 551 32 9 26 1 1 50 3
"502" 177 1 700 704 2 983 484 700 55 11 5 1 2 0 0
"503" 177 2 705 723 2 983 484 700 55 11 19 1 2 5 1
"504" 177 3 724 735 2 983 484 700 22 11 12 1 2 24 2
"505" 177 4 736 772 2 983 484 700 55 11 37 1 2 36 3
"506" 178 1 605 633 1 983 376 605 29 19 29 1 1 0 0
"507" 178 2 730 745 1 983 376 605 78 19 16 1 1 125 1
"508" 178 3 746 812 1 983 376 605 78 19 67 1 1 141 2
"509" 178 4 813 835 1 983 376 605 69 19 23 1 1 208 3
"510" 178 5 836 861 1 983 376 605 78 19 26 1 1 231 4
"511" 178 6 862 983 1 983 376 605 78 19 122 0 1 257 5
"512" 179 1 716 804 2 982 377 716 57 19 89 1 1 0 0
"513" 179 2 805 872 2 982 377 716 57 19 68 1 1 89 1
"514" 179 3 873 968 2 982 377 716 57 19 96 1 1 157 2
"515" 179 4 969 982 2 982 377 716 57 19 14 0 1 253 3
"516" 180 1 656 675 1 982 488 656 40 11 20 1 2 0 0
"517" 180 2 712 738 1 982 488 656 34 11 27 1 2 56 1
"518" 180 3 757 982 1 982 488 656 34 11 226 0 2 101 2
"519" 181 1 548 567 1 982 372 548 40 11 20 1 1 0 0
"520" 181 2 604 953 1 982 372 548 37 11 350 1 1 56 1
"521" 181 3 954 982 1 982 372 548 38 11 29 0 1 406 2
"522" 182 1 681 712 1 982 479 681 46 11 32 1 2 0 0
"523" 182 2 713 787 1 982 479 681 36 11 75 1 2 32 1
"524" 182 3 788 982 1 982 479 681 32 11 195 0 2 107 2
"525" 183 1 856 872 2 982 617 856 37 12 17 1 3 0 0
"526" 183 2 873 900 2 982 617 856 37 12 28 1 3 17 1
"527" 183 3 929 957 2 982 617 856 54 12 29 1 3 73 2
"528" 183 4 958 982 2 982 617 856 54 12 25 0 3 102 3
"529" 184 1 813 863 2 982 595 813 34 12 51 1 3 0 0
"530" 185 1 764 816 2 982 592 764 40 9 53 1 3 0 0
"531" 185 2 817 819 2 982 592 764 40 9 3 1 3 53 1
"532" 185 3 820 837 2 982 592 764 40 9 18 1 3 56 2
"533" 185 4 838 849 2 982 592 764 31 9 12 1 3 74 3
"534" 185 5 859 982 2 982 592 764 32 9 124 0 3 95 4
"535" 186 1 679 738 2 982 492 679 41 9 60 1 2 0 0
"536" 186 2 787 813 2 982 492 679 34 9 27 1 2 108 1
"537" 186 3 817 855 2 982 492 679 34 9 39 1 2 138 2
"538" 186 4 856 879 2 982 492 679 41 9 24 1 2 177 3
"539" 186 5 880 903 2 982 492 679 41 9 24 1 2 201 4
"540" 186 6 904 939 2 982 492 679 41 9 36 1 2 225 5
"541" 186 7 940 982 2 982 492 679 44 9 43 0 2 261 6
"542" 187 1 844 876 1 982 623 844 44 11 33 1 3 0 0
"543" 187 2 877 982 1 982 623 844 38 11 106 0 3 33 1
"544" 188 1 705 816 2 982 500 705 26 11 112 1 2 0 0
"545" 188 2 834 843 2 982 500 705 26 11 10 1 2 129 1
"546" 188 3 964 982 2 982 500 705 32 11 19 0 2 259 2
"547" 189 1 736 982 1 982 482 736 38 11 247 0 2 0 0
"548" 190 1 724 737 2 982 495 724 34 11 14 1 2 0 0
"549" 190 2 849 982 2 982 495 724 32 11 134 0 2 125 1
"550" 191 1 693 717 2 982 473 693 34 10 25 1 2 0 0
"551" 191 2 721 768 2 982 473 693 34 10 48 1 2 28 1
"552" 191 3 958 982 2 982 473 693 44 10 25 0 2 265 2
"553" 192 1 579 982 1 982 378 579 21 11 404 0 1 0 0
"554" 193 1 709 732 2 982 494 709 40 11 24 1 2 0 0
"555" 193 2 733 756 2 982 494 709 32 11 24 1 2 24 1
"556" 193 3 759 899 2 982 494 709 40 11 141 1 2 50 2
"557" 193 4 915 968 2 982 494 709 26 11 54 1 2 206 3
"558" 193 5 969 971 2 982 494 709 21 11 3 1 2 260 4
"559" 193 6 976 982 2 982 494 709 20 11 7 0 2 267 5
"560" 194 1 844 852 1 982 612 844 40 11 9 1 3 0 0
"561" 194 2 853 861 1 982 612 844 40 11 9 1 3 9 1
"562" 194 3 862 891 1 982 612 844 41 11 30 1 3 18 2
"563" 194 4 897 903 1 982 612 844 41 11 7 1 3 53 3
"564" 194 5 911 925 1 982 612 844 34 11 15 1 3 67 4
"565" 194 6 939 942 1 982 612 844 41 11 4 1 3 95 5
"566" 194 7 956 972 1 982 612 844 34 11 17 1 3 112 6
"567" 194 8 973 982 1 982 612 844 21 11 10 0 3 129 7
"568" 195 1 725 783 2 982 495 725 40 11 59 1 2 0 0
"569" 195 2 784 830 2 982 495 725 40 11 47 1 2 59 1
"570" 196 1 603 750 1 982 373 603 40 11 148 1 1 0 0
"571" 196 2 751 982 1 982 373 603 40 11 232 0 1 148 1
"572" 197 1 640 654 2 983 376 640 48 13 15 1 1 0 0
"573" 197 2 655 666 2 983 376 640 41 13 12 1 1 15 1
"574" 197 3 667 801 2 983 376 640 48 13 135 1 1 27 2
"575" 198 1 582 606 1 983 374 582 35 11 25 1 1 0 0
"576" 198 2 607 983 1 983 374 582 42 11 377 0 1 25 1
"577" 199 1 718 774 1 983 493 718 43 11 57 1 2 0 0
"578" 199 2 775 944 1 983 493 718 31 11 170 1 2 57 1
"579" 199 3 945 983 1 983 493 718 30 11 39 0 2 227 2
"580" 200 1 825 843 1 983 611 825 38 11 19 1 3 0 0
"581" 200 2 865 888 1 983 611 825 38 11 24 1 3 40 1
"582" 200 3 949 983 1 983 611 825 46 11 35 0 3 124 2
"583" 202 1 819 844 2 983 595 819 29 11 26 1 3 0 0
"584" 202 2 845 846 2 983 595 819 32 11 2 1 3 26 1
"585" 202 3 847 882 2 983 595 819 29 11 36 1 3 28 2
"586" 202 4 883 983 2 983 595 819 29 11 101 0 3 64 3
"587" 203 1 935 937 2 983 618 935 57 19 3 1 3 0 0
"588" 203 2 938 943 2 983 618 935 22 19 6 1 3 3 1
"589" 203 3 944 983 2 983 618 935 57 19 40 0 3 9 2
"590" 204 1 954 983 1 983 620 954 70 19 30 0 3 0 0
"591" 205 1 837 864 2 983 598 837 61 12 28 1 3 0 0
"592" 205 2 865 983 2 983 598 837 61 12 119 0 3 28 1
"593" 206 1 542 576 1 982 372 542 33 11 35 1 1 0 0
"594" 206 2 577 610 1 982 372 542 32 11 34 1 1 35 1
"595" 206 3 686 804 1 982 372 542 30 11 119 1 1 144 2
"596" 206 4 805 870 1 982 372 542 33 11 66 1 1 263 3
"597" 206 5 871 982 1 982 372 542 30 11 112 0 1 329 4
"598" 207 1 880 982 1 982 609 880 40 12 103 0 3 0 0
"599" 208 1 715 736 2 982 485 715 32 11 22 1 2 0 0
"600" 208 2 743 755 2 982 485 715 32 11 13 1 2 28 1
